500
410	391	0
302	320	6175
314	34	17720
481	428	22559
146	293	28084
255	499	11510
106	325	25211
131	330	23997
113	196	31222
191	82	9168
192	31	30408
204	275	29328
76	30	12229
136	48	29826
464	489	19355
159	470	20902
160	215	18725
458	412	28879
19	479	6960
440	240	2410
433	396	17159
158	352	27433
279	369	28207
38	318	19271
60	495	19546
224	147	27613
174	67	14480
135	437	20890
16	69	18137
48	431	12612
383	293	14119
295	240	11106
357	487	21750
401	254	10351
146	154	22276
229	499	17659
64	413	1328
480	464	3101
126	41	9993
111	152	29863
437	108	28770
4	392	27369
348	330	4424
467	145	30447
65	39	7597
388	356	12987
187	404	577
124	89	6397
345	304	23042
463	475	9341
428	479	30798
214	236	28243
73	367	23054
275	296	6454
385	250	26016
250	257	26267
94	110	21509
434	235	7336
82	342	16141
262	343	5683
15	191	27985
31	324	21829
497	82	5605
491	106	32550
480	217	13878
116	283	3919
367	77	15168
149	307	15677
9	236	28675
239	390	3917
62	107	10499
247	385	22443
395	29	27042
57	174	27759
11	327	15117
469	304	8127
173	227	14801
493	416	2774
201	290	32842
131	209	22345
137	231	5909
472	465	8534
229	275	8012
182	402	3459
437	449	1234
207	363	13029
425	426	4985
281	118	30113
224	346	15570
55	284	31059
33	213	21249
430	129	4184
361	305	25344
430	288	15478
452	195	1661
172	143	30819
205	302	2160
286	385	31378
46	102	774
349	33	12392
439	388	32450
156	411	24160
12	227	4012
426	365	13314
476	493	234
252	218	28835
313	132	13591
378	246	16007
419	34	13718
138	176	3415
168	165	12865
130	481	27208
89	341	2057
452	486	27004
115	290	10402
76	45	14761
110	391	29737
201	310	21002
123	229	19076
144	364	9337
65	358	8301
114	209	23153
280	417	426
434	413	12283
200	477	29787
54	393	11645
34	273	24903
415	125	13694
208	211	4067
4	288	16752
499	275	20498
183	107	20787
63	245	15555
101	412	1427
325	355	21663
288	179	14938
418	281	18792
244	66	26208
132	106	23396
112	215	26444
75	148	29542
256	331	11542
500	295	22119
323	304	12787
1	229	11290
118	390	9092
27	196	17097
378	220	1196
424	195	1348
254	148	30028
452	235	11312
101	205	9674
481	55	1982
389	176	16232
329	439	28855
317	64	11950
428	18	7461
463	460	19367
280	208	19812
44	76	23235
417	164	1074
110	468	22620
294	395	23965
259	210	5791
338	434	24353
198	26	30118
100	197	19013
219	163	7263
212	426	18339
435	5	23787
99	359	6514
342	203	28739
160	7	2763
33	328	18114
357	195	704
158	327	5289
425	239	29522
436	279	5937
159	417	11980
318	233	19232
462	112	20161
113	134	32527
135	274	13378
166	104	11887
87	93	29388
409	99	19549
435	13	22460
372	200	699
189	492	3518
466	61	9832
476	141	19155
135	271	3109
8	131	4836
194	154	23879
248	10	30745
434	273	15456
472	330	22542
318	137	445
186	204	4010
357	405	4401
96	210	29827
479	78	2367
94	251	29138
485	454	30490
446	301	17858
402	363	5115
150	134	7774
336	449	30896
164	467	18131
122	6	13819
453	125	17630
378	140	10543
58	143	6308
274	278	13395
147	426	11687
99	273	30754
247	380	21194
453	143	18163
102	126	32703
145	189	27947
380	214	11527
123	17	10933
158	465	10868
13	233	30479
408	331	22590
98	323	3991
430	417	31708
312	476	16910
424	58	18909
83	378	25625
180	83	7574
90	242	22461
60	164	15457
280	73	17655
247	393	30845
211	460	23714
453	466	9929
49	382	15120
41	128	25701
307	321	19618
270	257	32373
141	174	3507
101	243	28347
289	247	32570
293	38	24171
486	337	16710
211	20	14990
416	174	16511
74	73	4722
49	224	6977
85	13	18759
429	149	28196
145	246	5374
243	399	10925
111	320	4692
253	239	18341
294	234	27918
411	203	21180
155	165	25225
252	250	27293
401	496	2120
366	134	14295
432	286	15545
55	259	11392
343	72	32795
490	31	3235
437	146	22682
438	465	17208
451	193	24710
408	82	15677
442	442	25350
272	341	32860
42	203	27140
210	135	22186
45	445	10821
34	108	29772
1	300	20952
245	322	13425
301	134	19927
377	18	19078
434	80	2252
474	7	22236
390	158	9720
267	448	19637
382	402	4327
386	28	24932
373	98	31706
180	311	13001
92	60	22453
477	271	12146
492	51	12427
359	275	15430
362	269	8367
287	37	32399
40	19	4099
141	296	21432
434	466	5297
13	242	33095
295	118	20040
336	463	5269
462	419	22785
163	409	1374
12	94	806
181	159	2346
35	151	18864
294	491	27070
479	152	2401
343	31	28338
266	178	22069
298	491	32548
139	98	12923
496	268	22866
441	56	1873
258	406	11360
271	298	8006
455	205	4995
234	245	9642
362	477	26241
229	441	13479
370	225	28118
479	278	4458
383	254	20868
257	122	803
490	483	807
13	253	20899
221	473	6874
353	234	1152
484	437	5406
72	127	17948
2	246	26495
200	172	10949
324	196	31898
255	333	11709
249	60	24989
163	351	30375
233	175	24119
49	195	21499
109	96	18214
344	38	13263
198	69	7566
420	174	1366
142	352	30925
201	491	797
36	135	14870
458	410	20259
178	87	30061
232	418	20481
35	287	4312
97	89	1793
230	65	15700
216	241	24456
147	4	13641
383	109	3682
473	130	2342
19	178	2940
252	54	20249
315	74	2858
288	75	22374
470	137	26047
473	21	16039
247	89	19802
360	332	9972
282	417	21199
70	157	27506
350	373	11385
351	479	300
56	229	19836
380	37	32134
136	180	13073
121	51	3615
332	25	25234
330	30	29037
45	38	11412
25	165	23414
210	142	12962
8	82	14195
101	300	6829
263	464	10584
30	253	26613
302	313	21622
118	497	7458
299	365	17686
119	138	29171
88	424	17566
479	21	12429
336	128	18756
95	266	3129
500	418	28722
473	107	30074
360	226	24133
238	181	19574
245	134	7343
198	133	23924
242	42	20629
421	213	16705
493	90	5058
19	227	23389
403	365	31657
103	494	25887
320	145	26266
97	200	1390
45	209	1347
387	287	25397
220	468	7939
476	273	18582
443	438	17180
138	130	1206
177	320	8907
233	131	4530
292	203	27100
168	288	10281
299	151	14285
191	283	1818
130	198	18727
474	25	13506
16	8	25001
194	236	20322
314	223	10732
51	183	24397
341	257	251
447	480	27214
61	60	17124
258	70	10246
188	113	1213
415	291	6725
49	164	4513
247	171	691
263	488	28344
282	335	28059
90	163	19331
464	164	29197
6	149	8180
486	101	23661
349	174	5677
200	247	6844
101	190	8534
295	128	4742
143	430	14004
211	284	4463
54	311	21638
469	61	21617
292	219	30856
402	259	26973
321	419	21077
462	10	5892
31	135	29342
69	44	18137
8	32	20658
206	221	14372
497	144	26609
206	477	28476
132	1	23644
445	68	31343
261	462	30047
377	258	14785
440	44	19912
135	345	8017
436	239	16088
140	152	14391
298	93	14775
410	385	20953
346	69	19126
51	4	32165
135	448	12159
103	477	16067
246	296	20453
213	76	32176
454	251	12996
336	105	28753
123	149	6626
401	183	18154
403	268	9056
172	498	30066
41	176	15730
236	151	6134
412	485	1039
326	492	20498
63	497	20604
438	85	6233
389	18	23733
440	198	10788
226	369	25110
127	447	15967
479	330	7587
424	496	25855
82	64	21237
193	451	6863
389	266	21209
350	329	30354
306	58	21548
229	265	5690
268	400	29331
423	315	10196
356	29	15550
24	32	24842
160	191	9304
499	172	9661
204	180	25678
120	198	5611
9	456	22488
180	454	32461